f1: 0.24427144236893988
em: 0.0
bleu: 0.11599778226716687
acc: 0.0
precision: 0.21377874820191753
recall: 0.4000630342057806
rouge-1: 0.239815526516816
rouge-2: 0.03547401865154747
rouge-l: 0.1628981727986722
retrieval_recall_top2: 0.013333333333333334
retrieval_precision_top2: 0.006666666666666667
