f1: 0.7797619047619048
em: 0.25
bleu: 0.7961927589274195
acc: 0.75
precision: 0.7375
recall: 0.8333333333333333
rouge-1: 0.7797618997937927
rouge-2: 0.6722222185376543
rouge-l: 0.7797618997937927
retrieval_recall_top2: 1.0
retrieval_precision_top2: 0.625
